0	0.002959322031710371	0.1651785714285714
2.013582513000074	0.014211739783016748	0.17142857142857126
2.4956197859992244	0.018980609972731786	0.15982142857142856
2.9341156289992796	0.023342380924607352	0.17232142857142874
3.53465815600066	0.029216791519503238	0.1678571428571427
3.973762457999328	0.03354138708615667	0.16160714285714284
4.384393987000294	0.0375751730509019	0.13571428571428568
4.800358923999738	0.04183774592199688	0.1517857142857144
5.213834534999478	0.04586658920950063	0.1428571428571428
5.621079528000337	0.049819491200941146	0.15892857142857153
5.9764535119993525	0.053275082115349336	0.16428571428571415
6.359089282999776	0.057056904292173756	0.17321428571428577
6.742418769999858	0.0609298979038734	0.14821428571428585
7.157908789999055	0.06493019888696773	0.46517857142857144
7.541862845999276	0.06862672565018861	1.7964285714285717
7.915191811000113	0.07203940696293648	3.444642857142857
8.294481898999948	0.07548863076096857	3.020535714285714
8.680829672999607	0.07922899697672874	0.8241071428571429
9.085411811000085	0.08327027682966509	0.006250000000000089
9.485705736000455	0.0872145525509416	0.2562500000000001
9.849763005000568	0.09077424631129756	0.3616071428571428
10.244873428999199	0.09451375663914198	1.3285714285714287
10.655722912999408	0.09840155770192567	2.2526785714285715
11.02468165100072	0.1018496387573441	2.6464285714285714
11.410739506000027	0.10562081585470917	1.500892857142857
11.808718533999127	0.10947507108100527	0.019642857142857295
12.250605305000136	0.11378197778446582	1.2678571428571432
12.665662154999154	0.11762702258934044	2.2437500000000004
13.060732919000657	0.12124288122208803	3.1901785714285715
13.46797025900014	0.12504038681579666	3.2249999999999996
13.87773233400003	0.12888731785183763	1.8375
14.305478349999248	0.13317643993753409	0.10178571428571415
14.7011936100007	0.1369173842427932	1.3160714285714286
15.117786318000071	0.14063691290369637	3.7651785714285717
15.532305123999322	0.14420619689695033	5.291071428571429
15.914421936000508	0.14728580921903445	7.4375
16.321430321000662	0.1501206923775977	9.696428571428573
16.706694917000277	0.15272060312825225	10.729464285714286
17.13267897500009	0.15565537008295924	10.395535714285714
17.543866763999176	0.15844481143820932	10.522321428571429
17.96896657400066	0.16137966298829443	10.013392857142858
18.37438429500071	0.16322348582926133	14.576785714285716
18.790706550000323	0.1650651118387747	14.913392857142856
19.23007204699934	0.1678576132358711	11.033928571428572
19.666469093999694	0.17044056121382314	12.364285714285714
20.104958637999516	0.17305273760860387	12.126785714285715
20.505685689999154	0.17626613652916273	6.816071428571429
20.868758264999997	0.1797202208817301	1.9464285714285716
21.224361234000753	0.18319506393324486	0.3008928571428573
21.633539181000742	0.1872558227747057	0
22.072098857999663	0.19161881034906755	0.21607142857142847
22.475634643000376	0.19549998609289918	1.0142857142857142
22.8733575440001	0.19944802976098963	1.1410714285714283
23.249934814999506	0.20301787088790185	0.7571428571428571
23.653958726999917	0.20682798839097555	1.8553571428571427
24.065986814999633	0.21095571419354878	0.3125
24.51746236299914	0.21535131959413603	0.3624999999999998
24.93924340599915	0.2195392441480238	0.23750000000000004
25.37060714600011	0.2237462414003113	0.4803571428571427
25.796307149999848	0.2270710784026901	7.4348214285714285
26.209017326998946	0.22926639901603263	13.436607142857143
26.618560372000502	0.23097584463627097	15.019642857142856
27.04085035800017	0.23293131123932073	14.564285714285715
27.4400760110002	0.23372187345522122	17.25
27.86418168399905	0.23240073520688043	19.610714285714288
28.31517429899941	0.23212236771434072	18.791071428571428
28.753448047998972	0.23101382753868532	19.460714285714285
29.203191807999247	0.228738505307219	21.241964285714285
29.626480177999838	0.22657671081126765	21.447321428571428
30.052871423000397	0.22436654742405898	20.892857142857142
30.45121353600007	0.2223950066388366	20.208035714285714
30.837344515999575	0.220423982480462	20.10625
31.218799787000535	0.21845643353172742	20.291071428571428
31.61177790200054	0.2164589607545704	20.222321428571426
32.01619489800032	0.21636166121921852	18.621428571428574
32.41433520099963	0.2202325390846466	1.5419642857142857
32.83719511799973	0.22442098987154924	0.4223214285714285
33.27261042399914	0.2287034043694769	0
33.69763183900068	0.2328387483924524	0
34.1321371920003	0.23717528646812958	0
34.53970888299955	0.24124425984626172	0
34.94166029900043	0.2451582245237288	0
35.3859346270001	0.24957141478219255	0
35.81932632999997	0.25388937462550476	0
36.225087634000374	0.25791651097308044	0
36.630431702998976	0.2618962488970514	0
37.07129771799919	0.2662872660690578	0
37.55343947300025	0.2709859795451075	0
37.98442555600013	0.2753248569434222	0
38.441213538999364	0.2798142651138446	0
38.8712793550003	0.2840912677440348	0
39.32107335599903	0.28856067063806967	0
39.76587118899988	0.2929577389123508	0
40.2351177670007	0.29757115648177246	0.4892857142857143
40.67809226799909	0.3018468127832313	0.35357142857142865
41.09431823200066	0.3059487941572907	0.5857142857142859
41.51840785599961	0.31001247361549444	2.2035714285714287
41.91085906800072	0.31289019735192186	8.580357142857142
42.29752924700006	0.3148443202063964	13.875892857142858
42.69718401499995	0.314959628072909	18.353571428571428
43.08124470400071	0.31299262341539	20.409821428571426
43.461638896000295	0.3110598022736285	20.97767857142857
43.858692582	0.30903448423123436	20.259821428571428
44.25276855800075	0.3070506629626786	20.128571428571426
44.634359589999804	0.30535967995226326	19.89017857142857
45.00653898000019	0.3034322763758564	20.51517857142857
45.44532949600034	0.30118442492670827	22.511607142857144
45.92583948799984	0.29875787180768026	21.836607142857144
46.38994150399958	0.2964298990664026	21.751785714285717
46.81573763800043	0.294258430707827	21.589285714285715
47.27897362600015	0.2918915677524115	21.235714285714288
47.75492318900069	0.2894575387130957	21.210714285714285
48.18152396500045	0.2914057064013395	14.523214285714285
48.62902215699978	0.295800275561681	0
49.07001467500049	0.30013093024614657	0
49.506313206000414	0.30450635227704764	0
49.965397705000214	0.30900415554507066	0
50.436076235000655	0.3136729526442588	0
50.87445558000036	0.31800019126348145	0
51.2947830560006	0.32214418945490336	0.012499999999999956
51.71110183500059	0.3262767019611631	0
52.14629669600072	0.33057831655201786	0
52.5846643219993	0.3349219984704908	0
53.05495600900031	0.33961146508731854	0
53.57663024099929	0.3447608642423126	0.00267857142857153
54.046544229000574	0.34943439374855945	0.012499999999999956
54.53520100700007	0.35431144717187757	0.019642857142857295
55.007560027999716	0.3590007377470364	0.039285714285714146
55.48635192800066	0.36364947826126237	0.011607142857142927
55.93495901099959	0.36811037036822025	0.03839285714285712
56.457811533000495	0.3733326054262676	0.049107142857142794
57.02349159699952	0.3790092695724578	0.046428571428571264
57.75753602199984	0.38624523081780865	0.06785714285714284
58.265008779999334	0.3911895084495251	0.08482142857142883
58.79875626899957	0.3965204778954358	0.0758928571428572
59.39237788399987	0.4023324110009964	0.09732142857142856
59.90624647000004	0.4074728054295294	0.08392857142857135
60.45521382399966	0.4128644810078089	0.09464285714285703
60.99921054600054	0.4181878572560266	0.09464285714285703
61.477948495999954	0.42289540598549463	0.10178571428571415
62.0554696349991	0.42875385358362217	0.11249999999999982
62.61100424200049	0.4340951978252742	0.11428571428571432
63.14015241800007	0.439307921193205	0.11964285714285694
63.6483133290003	0.4444149512579272	0.09732142857142856
64.19405450299928	0.4496923385121877	0.12767857142857153
64.72031310099919	0.454932248029565	0.12678571428571406
65.32171015099993	0.460931927807228	0.15357142857142847
65.94022758199935	0.4669545987384788	0.16696428571428568
66.50934507700003	0.4726825484392183	0.15357142857142847
67.09720403000028	0.478463724584181	0.15357142857142847
67.86049900000035	0.48609773879161816	0.14821428571428563
68.56630609899912	0.49285465244545945	0.16339285714285712
69.340182816999	0.500569596439566	0.16517857142857162
69.93824533800034	0.5065025632745941	0.17767857142857135
70.51111789700008	0.5121156380970593	0.17767857142857135
71.0936364320005	0.5177580492482255	0.17767857142857135
71.61297528199975	0.5228656474671486	0.2053571428571428
72.15369139500035	0.5282601403215438	0.18928571428571406
72.67164133599908	0.5333148549631918	0.1991071428571427
73.17730606999976	0.5383774032415832	0.20803571428571432
73.72233021700049	0.5437051252071334	0.19464285714285712
74.28460217099928	0.5494381586849492	0.18928571428571406
74.88209522800025	0.5553925229831708	0.21696428571428572
75.51662194600067	0.5615043885838163	0.19285714285714284
76.07787783999993	0.5669038787620649	0.21339285714285716
76.5628280889996	0.5717008559212415	0.21607142857142847
77.08888236299936	0.5771528567804673	0.2053571428571428
77.65713500399943	0.5826063010228847	0.22857142857142865
78.20491554	0.5878889504249065	0.21964285714285703
78.74937305599997	0.5933377856697222	0.23750000000000004
79.3012295160006	0.5986974907999875	0.22946428571428568
79.8771629540006	0.6043445609389203	0.20625000000000004
80.40407028200025	0.6095191895292298	0.22142857142857153
80.92645286100014	0.6147109640554635	0.23750000000000004
81.44015184399905	0.6196960355613061	0.21607142857142847
81.93276361800054	0.6246108115303312	0.2124999999999999
82.50876696799969	0.6302806781270742	0.23750000000000004
83.01722102699932	0.6352903848846727	0.24196428571428585
83.5431369830003	0.640422514854807	0.24464285714285716
84.086835221	0.6457888085357677	0.2321428571428572
84.58827216999998	0.6507553066708734	0.24464285714285716
85.09530643200014	0.6557031465539114	0.24910714285714297
85.6266944479994	0.6609298329188203	0.27142857142857135
86.15264379700056	0.6662326654725506	0.26607142857142874
86.67297692799912	0.6712443047390565	0.25
87.19101141600004	0.6763579513478882	0.24107142857142838
87.75147791800009	0.6819381968733527	0.26517857142857126
88.28532606199951	0.6872345484240185	0.25
88.8402886040003	0.6927198330093438	0.27142857142857135
89.39438202599922	0.6980421368539586	0.26607142857142874
89.93729623000036	0.7034241246992304	0.2482142857142855
90.46716432599897	0.7085983974661642	0.2571428571428571
91.04676145600024	0.7143960998743452	0.27767857142857144
91.60984794000069	0.7199055856261468	0.25535714285714284
92.14258554700064	0.7250705862055485	0.2482142857142855
92.69267859200045	0.7305216024688347	0.2857142857142856
93.24492411500069	0.7359419223915686	0.28035714285714297
93.8538693419996	0.7419446792541909	0.3169642857142856
94.43218800999966	0.7476349676231517	0.2616071428571429
95.02453209399937	0.7537130520821239	0.2883928571428571
95.63079748199925	0.7594625899227527	0.2749999999999999
96.1863634959991	0.7648683579678819	0.27767857142857144
96.71931277799922	0.7702508623474863	0.29553571428571423
97.26745059200039	0.7755286805183126	0.30267857142857135
97.8205881899994	0.7809702717197068	0.2991071428571428
98.37655790899953	0.7864028168467948	0.2741071428571429
98.95302347699908	0.7921434277115231	0.2928571428571427
99.53033612999934	0.7979038700374965	0.2794642857142857
100.12647620499956	0.8036825135512076	0.2875000000000001
100.67065167799956	0.8089986994185768	0.2928571428571427
101.26620113100034	0.8149029296685413	0.2919642857142857
101.84256637399994	0.8205349008851045	0.29553571428571423
102.38111203600056	0.8258191887919883	0.2999999999999998
102.90827557500052	0.8310182655118168	0.2999999999999998
103.46703720199912	0.8365497768365944	0.30714285714285716
104.00407147599981	0.8417701654105165	0.27142857142857135
104.55402321300062	0.8472282260053556	0.28660714285714284
105.08559210000021	0.8524801398780864	0.2999999999999998
105.6845868069995	0.8583634420559867	0.3017857142857143
106.26766702699933	0.864138535697165	0.31339285714285703
106.93418700000075	0.8706717479162864	0.30714285714285716
107.5302753699998	0.8765651542721458	0.2999999999999998
108.13223953300076	0.8823902080127004	0.2919642857142857
108.74474872199971	0.8884445114786688	0.30714285714285716
109.35429558999931	0.8943960329123267	0.30267857142857135
109.966253564	0.9004238551186892	0.2999999999999998
110.54370077699969	0.9061261108334345	0.3169642857142856
111.12317274899942	0.9118039133066016	0.3142857142857143
111.75059729399982	0.9179580930929486	0.31517857142857153
112.35647939099908	0.9239722143499993	0.30714285714285694
112.95041757199942	0.9297613831815957	0.3285714285714285
113.52688496799965	0.9354829315091198	0.2991071428571428
114.1100583160005	0.9412367370499036	0.3142857142857143
114.72448751800039	0.9473136807771206	0.3232142857142857
115.37009857299927	0.9535849165966046	0.3142857142857143
115.99363833399912	0.9597351236792304	0.30446428571428585
116.59087232399906	0.9656742883582334	0.3232142857142857
117.17474157799916	0.9712694152934682	0.3232142857142857
117.76030850300049	0.9771531900590297	0.32053571428571415
118.41111625399935	0.9834565905010619	0.3616071428571428
119.07301021000058	0.9899425046630268	0.3285714285714285
119.67047487200034	0.9958321756772192	0.33571428571428585
120.30217746699964	1.002080258137012	0.3366071428571429
120.9362050969994	1.0083520659765741	0.33571428571428585
121.5359039619998	1.0141837793548463	0.32499999999999996
122.14508319500055	1.0202201214442368	0.3169642857142856
122.74176761200033	1.0260279616145467	0.34107142857142847
123.37834246199964	1.0322829480043854	0.34285714285714297
124.01093835400025	1.0385275563809084	0.30625000000000013
124.61006197200004	1.0443808690682395	0.3214285714285714
125.20943329200054	1.0503253468985323	0.3374999999999999
125.85822989699955	1.056675348667009	0.3482142857142856
126.49178028499955	1.0629006162550425	0.3107142857142857
127.13552531200003	1.069285847860568	0.33571428571428585
127.75920774699989	1.0753893657348452	0.34375
128.3880834270003	1.0815682446376624	0.3232142857142857
129.03708699900017	1.0878885940943435	0.3374999999999999
129.68818790399928	1.0942693731662574	0.31160714285714297
130.36615515199992	1.1010856017752069	0.3482142857142856
131.06598579399906	1.1078321380701814	0.34285714285714297
131.8241425769993	1.1152958107187159	0.3526785714285714
132.56971533999968	1.1228533025818694	0.3321428571428571
133.3293468339998	1.130135851234272	0.3500000000000001
133.9890213109993	1.1366929847808218	0.3374999999999999
134.73436260000017	1.1440046015615701	0.34375
135.51517488799982	1.1518026994306834	0.3374999999999999
136.50075989200013	1.1616001337293647	0.3455357142857143
137.34944026700032	1.1696831849488845	0.3500000000000001
138.13061691099938	1.177292301979166	0.3303571428571428
138.9418687010002	1.1853359484354573	0.34910714285714284
139.87862379699982	1.1947890802094219	0.32678571428571423
140.844869008999	1.2040787016282988	0.3464285714285713
141.59645603199897	1.211310509640595	0.3285714285714285
142.3244188110002	1.218539501549768	0.3482142857142856
143.13655473399922	1.226438406763131	0.3571428571428572
143.86932474599962	1.233701580454201	0.34464285714285703
144.73832408899943	1.2423067382178021	0.3598214285714285
145.4981564289992	1.249620561309635	0.34285714285714297
146.19338376499945	1.2565750915535736	0.3366071428571429
146.99842845499916	1.2645074404988865	0.3660714285714286
147.7420097590002	1.2716731604494373	0.3732142857142857
148.43815320300018	1.278529914170274	0.3660714285714286
149.23572419599986	1.2864354908264286	0.3660714285714286
150.08601198199904	1.2947478337842708	0.3660714285714286
150.88843874600025	1.3026496415212054	0.3571428571428572
151.73662087199955	1.3109488426092322	0.3660714285714286
152.50896614299927	1.318634146331832	0.3633928571428573
153.26160475899997	1.3259468990373338	0.3660714285714286
154.09770854999988	1.3341100812283948	0.35803571428571423
154.8293340830005	1.3412960434381445	0.3624999999999998
155.49552332299936	1.347865730568137	0.3732142857142857
156.17574262900052	1.3545627830942908	0.3553571428571427
156.84129695299998	1.3610602356016241	0.3732142857142857
157.48434046399962	1.367359252474978	0.3732142857142857
158.1415525579996	1.373864955593463	0.3464285714285713
158.87374153999917	1.380939169168423	0.7178571428571427
159.52502241900038	1.387422000180023	0
160.16455096999925	1.3937700638932662	0.09821428571428559
160.79503318800016	1.3997909606396683	2.053571428571429
161.45005710700025	1.4054914929246909	4.400892857142857
162.0504453100002	1.4108514916259849	4.189285714285715
162.68506876799984	1.4165454733278753	3.6776785714285714
163.30691526100054	1.422055897917143	4.59375
163.91928345999986	1.4262356153949507	10.409821428571428
164.52848796999933	1.4301869056113212	11.039285714285715
165.1585052749997	1.434136455732621	11.64017857142857
165.7870332069997	1.4385792361010927	9.753571428571428
166.424072333999	1.4441579869368868	4.8375
167.0827388229991	1.4496812577620528	6.599107142857143
167.72531467599947	1.4542664558501637	9.113392857142857
168.4149748609998	1.457673250878528	14.020535714285714
169.07176802100003	1.4543398024385161	24.29732142857143
169.75929361899944	1.450832412475181	23.148214285714285
170.42120186099964	1.4474887704809305	22.927678571428572
171.0657655899995	1.4441901045413026	23.53035714285714
171.7784567790004	1.4405151692819154	22.12589285714286
172.48832032999962	1.4369369432410508	22.135714285714286
173.15947950400005	1.4335619241623685	22.308928571428574
173.80394061100014	1.4302904820791085	22.082142857142856
174.54952655499983	1.4266955132558687	19.95357142857143
175.27165900999898	1.423143232442721	19.970535714285717
175.95719875400027	1.4209671178142258	19.63214285714286
176.64582330200028	1.4174469465830555	24.8875
177.3816718300004	1.4137471865010725	23.676785714285714
178.04887999899984	1.41035029064645	22.490178571428572
178.7467523129999	1.4067966463649901	22.918750000000003
179.4190261019994	1.4033889321927695	23.14017857142857
180.10124486899986	1.3999244302978107	24.698214285714286
180.80842270599896	1.396311148111604	22.158035714285713
181.55423370300014	1.3925043966576909	21.048214285714288
182.26333476499894	1.3889286234647151	20.779464285714287
182.93407940999896	1.3854083043920886	20.661607142857143
183.69446274999973	1.3816475376570623	20.204464285714288
184.4116663120003	1.3789514856064187	19.754464285714285
185.11217133600076	1.3858434759143547	0.9535714285714285
185.8371942319991	1.392400447307172	3.5214285714285714
186.59814509199896	1.3898694628291177	19.670535714285712
187.3179585430007	1.386234179710237	30.887500000000003
188.01107757200043	1.3827081790841493	31.295535714285712
188.7535664520001	1.3789383978925815	34.674107142857146
189.44822352399933	1.3754078146181399	34.34553571428572
190.14456854499986	1.3718573004660086	32.88839285714286
190.8397394679996	1.3683221185382364	33.41339285714285
191.51478307099933	1.364912190139167	33.53125
192.2492440370006	1.3611810471786412	32.50178571428572
192.96001460799926	1.3575566446082055	32.67857142857143
193.68581668200022	1.3538556103135067	32.49285714285715
194.41527407300055	1.3501671729168383	32.270535714285714
195.1064594140007	1.3466440989855881	31.941964285714285
195.7930068400001	1.3431338211073396	32.18928571428572
196.51542841599985	1.3394265432908503	32.35
197.26221101400006	1.3356918324402112	31.900892857142857
197.9554567310006	1.3321812884646005	31.76607142857143
198.68816748899917	1.3284387831900508	32.45982142857143
199.39855722599896	1.3248370491006323	31.17053571428572
200.13278410199928	1.3211000309462497	30.21964285714286
200.82338546199935	1.3175581771742086	30.369642857142857
201.5432100929993	1.3136714742161142	30.57589285714286
202.35517247399912	1.3098126788354236	30.130357142857143
203.09025645899965	1.3060708086367399	29.506249999999998
203.82526218800012	1.3023323575464292	29.933928571428574
204.54905071400026	1.2986402824608656	29.763392857142854
205.32619540499945	1.294703159275587	29.791071428571428
206.02131819500028	1.2911523849828541	29.09642857142857
206.73790755399932	1.2875080801851162	29.176785714285714
207.43067957399944	1.2839908367923676	29.573214285714286
208.17546595800013	1.2802346103273208	29.716071428571432
208.88434124999912	1.276617588038677	27.908928571428575
209.56471741299902	1.2731582869176108	29.073214285714286
210.29487233299915	1.2694442534454635	27.501785714285717
211.0199399159992	1.2657304831227887	24.833035714285714
211.79964970900073	1.261785004587186	21.40625
212.53066766399934	1.2580983339082308	21.706249999999997
213.26146788000005	1.2550707329737114	19.829464285714284
213.9930372960007	1.2611236889217257	6.371428571428572
214.73216838000008	1.268445892080315	0.10803571428571423
215.4635632440004	1.2756833456250833	0.1517857142857144
216.18660980200002	1.28274534209793	0.1758928571428573
216.89397807100067	1.2896987581209403	0.18928571428571428
217.60744089199943	1.296767513269007	0.1830357142857144
218.3946054980006	1.3045142676539345	0.18660714285714297
219.09867943300014	1.311476026623035	0.1812499999999999
219.82823143600035	1.3186539201547698	0.19464285714285712
220.57464273999904	1.3259755284622579	0.19017857142857153
221.3075487139995	1.3332344594184837	0.20803571428571432
222.01605653700062	1.3402198310828446	0.19017857142857153
222.69729136800015	1.3469023023951994	0.17678571428571432
223.37231398199947	1.3535878169115867	0.19017857142857153
224.06523344299967	1.3604207310696939	0.1812499999999999
224.7291155570001	1.3669379004608793	0.22589285714285712
225.5185606769992	1.3747314577603307	0.19107142857142856
226.33871351900052	1.3828887790984004	0.20625000000000004
227.11393529899942	1.3904904137440486	0.20625000000000004
227.93450014200062	1.3985684636419018	0.20803571428571432
228.74264458799917	1.40660719566413	0.17232142857142874
229.5852093880003	1.4149153815753723	0.24732142857142847
230.45550580999952	1.4235254356695903	0.21517857142857144
